-500 500 500 -500
1000
267 -439 9 1
-464 113 18 0
-181 439 9 1
-423 -85 14 0
-288 -170 16 0
-101 147 3 2
-127 373 4 2
410 -220 17 0
-474 340 5 2
122 -307 11 0
345 464 7 1
290 -87 19 0
-176 216 4 2
-174 -197 9 1
129 -222 8 1
-214 -50 13 0
11 326 4 2
46 -461 5 1
398 354 6 1
174 5 12 0
-358 -151 12 0
212 -432 12 0
-241 -161 7 1
314 261 9 1
98 269 17 0
-57 -215 5 1
-56 464 6 1
114 25 12 0
111 349 18 0
-176 -437 18 0
6 -109 10 0
-134 459 5 2
92 -149 19 0
-62 -340 17 0
258 180 14 0
170 -242 16 0
33 342 12 0
-341 381 17 0
214 211 6 1
-364 -202 18 0
402 -180 5 2
-124 -14 6 1
280 -164 15 0
-106 241 12 0
323 452 16 0
439 -93 20 0
-330 352 14 0
-278 -337 6 1
-213 -316 8 1
-170 -333 3 2
40 110 14 0
-370 16 13 0
443 154 15 0
-175 255 6 1
-293 -85 17 0
53 314 20 0
408 465 14 0
249 -359 4 2
-146 -466 13 0
-421 5 5 1
383 -297 6 1
-270 290 11 0
-412 -370 5 2
152 -368 4 2
-410 -308 5 1
317 -355 19 0
-248 -353 19 0
146 227 13 0
351 -450 5 2
-262 452 7 1
-57 -381 3 2
-42 -404 8 1
39 209 13 0
-159 -277 18 0
-467 226 13 0
-34 371 18 0
-170 284 9 1
317 -203 17 0
481 232 5 2
411 -339 13 0
-279 -251 12 0
-16 458 13 0
301 480 6 1
-276 -308 6 1
278 363 14 0
-416 -34 14 0
381 272 12 0
-120 -388 13 0
-324 -217 18 0
-286 321 7 1
16 131 10 1
-100 352 10 1
-365 325 17 0
122 -387 19 0
-447 368 5 1
-363 358 7 1
429 400 10 1
456 26 19 0
-154 252 13 0
-387 -386 10 1
228 212 7 1
-364 453 4 2
-400 282 16 0
415 430 19 0
98 -201 6 1
161 -214 7 1
-263 317 10 1
-365 -113 3 2
28 284 16 0
-318 444 19 0
391 291 7 1
-258 219 16 0
-48 69 5 2
-16 -219 10 0
441 -157 19 0
-391 -258 5 1
-274 -123 7 1
379 475 5 2
264 429 5 2
195 -138 17 0
152 39 18 0
139 435 5 2
330 369 16 0
-472 -453 10 1
299 394 4 2
201 -268 10 1
309 239 10 0
127 -258 15 0
-174 -166 10 0
167 -186 18 0
292 -393 15 0
16 -55 8 1
-39 431 11 0
-251 -322 4 2
430 -126 12 0
-324 134 19 0
-211 162 18 0
-448 149 3 2
-173 80 3 2
-138 -118 20 0
-139 -169 8 1
128 -18 19 0
-151 -348 4 2
-98 -20 18 0
-299 405 8 1
-487 489 7 1
26 472 7 1
391 -82 19 0
273 402 3 2
427 -251 6 1
348 -73 4 2
-437 55 18 0
88 -278 7 1
-455 451 18 0
-336 234 4 2
400 -148 12 0
-33 -232 10 1
-50 447 5 1
-35 153 10 0
253 -327 11 0
383 -267 18 0
-55 134 10 1
68 466 14 0
-179 404 5 2
-29 -102 17 0
-372 277 3 2
202 423 15 0
-444 -425 6 1
460 -300 17 0
291 110 16 0
-164 -124 5 2
-45 -380 3 2
-377 373 10 1
478 219 7 1
-214 -14 18 0
389 -476 3 2
-203 262 4 2
-5 -128 5 2
-345 -336 16 0
456 226 7 1
-398 429 10 1
467 -180 10 1
85 198 5 1
322 -146 5 2
460 454 6 1
-194 -108 3 2
-148 317 10 0
-368 189 11 0
-204 -272 7 1
-339 305 7 1
-335 -54 5 2
-264 -431 5 2
368 258 3 2
-84 -390 14 0
-479 315 3 2
-12 7 20 0
362 112 10 1
-75 420 12 0
-196 -474 14 0
387 140 3 2
97 83 5 1
-57 77 5 1
-464 64 8 1
-99 -449 5 1
76 -348 7 1
-120 -65 20 0
-193 -144 6 1
-446 131 4 2
448 283 12 0
388 -357 9 1
415 278 10 0
399 -420 7 1
332 -25 5 1
322 -35 3 2
-254 -392 6 1
-102 -219 19 0
-468 384 11 0
-305 231 15 0
235 -130 20 0
164 -153 3 2
269 466 18 0
-360 94 14 0
290 -311 12 0
157 -415 11 0
473 378 20 0
379 -194 17 0
-35 326 4 2
152 182 17 0
271 -258 18 0
-13 252 12 0
-108 139 3 2
-112 -288 16 0
-339 268 18 0
410 -473 7 1
421 59 10 0
-158 422 5 1
-201 442 11 0
30 232 10 1
-155 -42 11 0
75 214 11 0
39 -72 16 0
-199 -359 10 0
333 347 5 1
453 -245 7 1
221 256 6 1
-243 -3 6 1
53 167 19 0
-226 60 14 0
-132 189 14 0
268 -406 7 1
64 -207 5 2
90 39 13 0
402 -40 20 0
-201 -157 9 1
-286 -51 5 1
329 -404 14 0
250 224 12 0
-86 445 3 2
284 329 9 1
465 66 18 0
-88 15 15 0
-107 184 6 1
20 -338 14 0
-319 -351 10 1
-367 -397 12 0
89 -237 20 0
233 68 13 0
363 -316 14 0
42 -442 5 2
4 428 19 0
295 -277 3 2
-354 184 3 2
44 -142 8 1
-115 -97 10 0
36 -369 5 2
-459 -242 20 0
-321 415 4 2
-468 163 7 1
-239 291 17 0
-282 38 8 1
314 -176 9 1
-132 -446 6 1
340 -259 3 2
212 -88 17 0
326 199 10 1
372 -108 4 2
-133 384 5 2
-147 -76 5 2
-69 371 7 1
80 66 5 1
212 -303 10 0
251 10 10 0
178 154 14 0
347 221 5 2
117 200 19 0
250 -401 5 2
436 111 16 0
312 -43 3 2
108 -33 3 2
-275 449 5 2
256 -32 16 0
-62 156 11 0
-167 -72 10 0
438 -209 5 1
-69 -279 4 2
-415 406 18 0
386 47 4 2
311 -302 3 2
-11 397 5 2
111 -275 3 2
189 -252 4 2
371 151 15 0
-195 375 5 2
-50 -422 8 1
102 -431 10 1
-226 221 12 0
418 238 14 0
-443 200 14 0
-135 298 10 1
252 321 4 2
22 -468 14 0
397 -325 4 2
-326 -414 14 0
-342 482 6 1
-446 427 5 2
144 12 10 1
-131 404 5 2
80 -41 19 0
41 435 5 1
321 -267 14 0
-254 -260 5 1
-47 -30 10 1
-293 116 4 2
-414 -128 15 0
493 -164 3 2
-424 -260 3 2
484 198 7 1
-388 75 5 1
-52 14 11 0
474 -38 10 0
-62 -445 9 1
-99 94 16 0
-369 -465 16 0
343 -435 4 2
157 -24 5 2
-50 209 13 0
-261 437 8 1
209 358 11 0
166 -54 16 0
-135 -227 3 2
-349 42 15 0
-295 -208 8 1
-256 -83 11 0
374 -414 18 0
311 141 12 0
-409 -327 4 2
-404 117 14 0
-366 -435 10 1
-460 77 5 2
-288 85 16 0
-308 286 15 0
-288 -8 18 0
-388 -10 15 0
35 -419 18 0
325 -122 13 0
-228 -475 4 2
-108 -478 9 1
-205 -436 3 2
9 50 10 0
-332 -257 14 0
-281 59 9 1
-71 -149 5 1
250 400 7 1
-48 45 12 0
132 81 20 0
329 -322 3 2
-358 -365 14 0
226 278 11 0
-322 -303 17 0
-202 -189 13 0
-306 50 5 2
15 -373 16 0
-10 342 15 0
-222 20 13 0
23 151 11 0
176 314 13 0
216 -219 11 0
-383 264 3 2
362 405 10 1
206 -20 10 0
216 310 4 2
16 -285 4 2
460 -224 3 2
319 -237 9 1
437 376 8 1
-294 -366 18 0
-269 127 13 0
299 -10 5 1
333 -469 6 1
-240 -29 3 2
187 -406 13 0
-195 -75 3 2
51 62 16 0
71 -89 19 0
140 -448 20 0
42 -294 10 0
-173 -402 13 0
435 -39 10 0
54 385 4 2
-394 -349 7 1
275 -123 13 0
-34 -142 20 0
21 -27 8 1
176 -362 3 2
-95 197 8 1
53 -38 5 2
-21 -367 19 0
-399 -213 15 0
-309 -445 15 0
-161 373 6 1
404 -110 10 0
-358 457 3 2
-185 108 19 0
278 152 17 0
-126 65 18 0
-240 -238 20 0
-99 395 17 0
245 365 12 0
-129 -423 6 1
113 131 17 0
143 460 9 1
-245 267 5 2
148 325 16 0
-228 -334 5 2
418 174 11 0
180 449 19 0
-171 23 11 0
111 -111 18 0
-235 -67 9 1
403 26 16 0
-9 287 13 0
179 -452 16 0
-8 36 3 2
146 288 16 0
-331 -145 13 0
182 230 18 0
62 -325 18 0
83 386 18 0
414 130 8 1
-481 178 3 2
459 -467 7 1
-361 -277 5 1
342 -247 4 2
-383 56 12 0
-407 374 8 1
405 -242 5 1
368 -225 11 0
321 398 11 0
111 479 4 2
-81 -65 7 1
-300 -65 3 2
394 214 5 1
49 -10 18 0
-16 183 4 2
125 -184 12 0
128 -48 10 0
-491 -456 3 2
230 316 3 2
-33 -441 13 0
438 -447 10 1
333 169 4 2
-284 428 3 2
61 -118 11 0
363 311 17 0
283 -476 15 0
-36 -385 3 2
-339 216 11 0
-379 -81 9 1
-229 381 7 1
-132 441 10 0
-422 -354 10 0
303 31 8 1
283 420 14 0
148 -388 6 1
-327 -107 11 0
-454 -188 16 0
-74 275 6 1
351 -116 12 0
489 269 3 2
140 388 18 0
448 -487 7 1
-181 301 5 1
-393 -413 3 2
-296 -30 4 2
-145 -250 11 0
5 -262 18 0
-376 -316 14 0
476 251 12 0
220 180 5 2
-38 -273 14 0
-454 337 9 1
451 426 15 0
-234 -439 10 0
-247 163 13 0
-464 -489 4 2
-249 133 3 2
-304 389 5 1
-474 -41 11 0
-120 -144 3 2
131 167 8 1
336 3 13 0
-450 -355 17 0
-79 473 4 2
368 231 3 2
-153 -222 12 0
323 -331 4 2
-475 -3 9 1
-279 183 12 0
-333 -171 4 2
196 277 13 0
-416 -174 15 0
-248 341 17 0
-58 -243 7 1
373 342 3 2
87 -453 16 0
219 468 18 0
-430 111 6 1
194 383 11 0
-455 -23 10 0
395 155 9 1
228 -34 4 2
227 -332 12 0
-322 7 16 0
-23 -472 16 0
414 -308 10 0
-471 28 16 0
395 81 10 0
-9 211 10 0
-473 252 11 0
293 -439 12 0
214 -475 11 0
-382 225 14 0
-410 167 17 0
-345 -97 8 1
231 -361 6 1
159 -296 5 2
246 -275 5 2
129 -345 11 0
205 327 12 0
-201 328 15 0
242 161 7 1
136 479 11 0
250 131 13 0
23 -105 5 1
283 83 3 2
-128 14 10 0
-317 69 13 0
-299 -473 11 0
11 36 4 2
372 446 10 0
-112 30 9 1
452 -331 3 2
147 125 11 0
359 -75 5 1
299 76 9 1
274 262 12 0
-187 -259 14 0
448 332 5 1
-473 295 3 2
72 -367 12 0
33 384 5 1
221 378 5 2
278 -217 16 0
-78 226 14 0
-109 283 17 0
74 -13 6 1
-62 -136 6 1
-110 163 10 1
-222 -362 8 1
-51 105 17 0
-33 -338 10 0
-109 420 8 1
-36 -59 12 0
412 -364 11 0
318 60 9 1
-318 -53 8 1
83 442 5 1
-303 196 14 0
-92 329 10 0
-49 341 10 1
22 -129 11 0
120 -284 6 1
335 35 16 0
12 -186 16 0
215 -383 14 0
-69 186 13 0
461 199 15 0
-70 -186 7 1
-238 -129 15 0
83 17 7 1
14 98 13 0
450 -261 9 1
431 -7 14 0
455 345 3 2
204 197 9 1
-413 301 4 2
-154 227 10 0
49 253 13 0
325 -448 6 1
-170 -354 14 0
256 302 10 1
-284 412 6 1
-362 397 3 2
-383 -100 4 2
43 -42 5 1
-337 -15 10 0
45 461 8 1
-285 250 10 0
-475 -402 20 0
-428 469 6 1
-350 18 5 2
-463 -86 17 0
-413 137 5 2
-109 121 8 1
350 -233 4 2
-194 -329 11 0
461 -444 10 0
242 328 5 1
199 78 4 2
354 -46 14 0
-258 -200 18 0
16 309 3 2
-1 -309 15 0
-175 163 5 2
-303 -126 7 1
345 261 10 0
290 304 11 0
138 -66 3 2
-11 -37 17 0
236 488 5 2
466 346 5 2
452 391 3 2
376 357 6 1
440 -417 18 0
474 -78 11 0
-238 95 15 0
255 -413 5 2
-23 165 3 2
-36 291 10 0
196 -488 6 1
257 112 6 1
-150 144 18 0
-253 -462 7 1
-38 -10 5 2
-411 326 18 0
-449 -145 13 0
210 231 4 2
-365 420 18 0
-350 -445 7 1
-79 -272 7 1
218 101 11 0
-360 209 5 1
146 146 5 1
-3 -68 10 0
-131 235 3 2
-357 222 5 1
-191 -298 3 2
-38 465 10 0
-65 309 9 1
251 41 8 1
-170 -379 5 1
432 472 10 1
-307 -273 11 0
61 -475 5 1
-447 90 10 0
291 22 5 2
147 205 3 2
-216 -259 10 0
198 -341 17 0
-159 54 6 1
74 -408 12 0
449 -72 3 2
61 35 7 1
-95 212 4 2
201 183 4 2
-429 266 9 1
-271 -372 5 2
21 -157 9 1
484 -54 8 1
162 -334 15 0
-136 -149 11 0
269 -279 3 2
266 40 3 2
-187 -29 5 1
-248 481 10 1
472 301 16 0
-294 475 15 0
-227 456 14 0
-235 429 14 0
-95 -331 11 0
349 -374 11 0
393 -438 4 2
-485 152 4 2
252 28 5 2
317 4 4 2
477 163 16 0
-87 -300 5 1
408 313 6 1
13 483 8 1
405 -393 15 0
-357 130 10 0
25 449 10 0
-406 -285 9 1
-159 -7 13 0
441 -381 13 0
-198 479 10 0
-4 -409 12 0
366 -17 16 0
-90 -425 7 1
341 -176 5 2
429 208 10 0
433 485 3 2
-61 253 7 1
413 375 12 0
102 450 14 0
381 92 7 1
-437 -466 12 0
176 92 17 0
-450 406 12 0
391 173 9 1
51 -353 10 0
38 -92 4 2
-81 460 5 2
178 125 13 0
360 -390 4 2
339 -487 6 1
98 -307 10 0
-168 -313 11 0
460 -12 10 0
-156 347 11 0
-142 -303 13 0
-32 195 4 2
-23 49 13 0
197 -192 10 0
-58 -483 7 1
-150 -385 5 1
100 -352 17 0
-456 -329 8 1
258 338 11 0
-184 314 5 2
-432 -489 7 1
105 -73 12 0
-230 -406 13 0
66 274 10 0
-35 259 10 0
319 428 5 2
158 412 10 0
486 -251 8 1
37 -232 18 0
-88 -361 10 1
-203 -396 13 0
377 199 11 0
130 -77 5 1
159 260 3 2
372 28 13 0
-181 177 10 0
276 -362 14 0
-13 113 14 0
-388 -161 14 0
136 -143 14 0
100 -373 3 2
187 -95 6 1
58 -176 15 0
-192 -230 15 0
67 -485 4 2
-124 -330 13 0
417 337 5 1
-232 191 14 0
-359 155 7 1
-446 -59 14 0
-267 391 14 0
293 276 8 1
-416 -406 10 0
-195 -289 5 1
-280 354 11 0
288 223 12 0
182 -377 10 0
222 22 10 1
473 -326 12 0
477 -426 3 2
401 46 3 2
-53 406 9 1
232 -18 11 0
-74 -372 5 1
86 147 10 0
5 -223 11 0
125 304 3 2
340 403 5 1
370 -453 12 0
347 -161 5 1
223 146 10 1
159 -109 13 0
234 380 4 2
-76 50 11 0
282 -187 7 1
329 94 14 0
-146 34 10 1
386 245 10 0
-97 138 5 2
62 -281 10 0
476 120 12 0
122 -420 12 0
229 -408 7 1
-152 105 6 1
245 -64 3 2
-425 442 10 1
147 -83 12 0
169 -22 3 2
-253 -481 9 1
218 -52 15 0
75 120 10 1
-313 114 3 2
-474 -58 3 2
-33 82 12 0
-10 83 10 0
19 182 10 0
-87 -160 7 1
-478 -138 14 0
272 -3 10 0
237 -199 17 0
-430 494 3 2
288 -38 14 0
-378 -265 5 1
-440 291 15 0
182 -219 5 1
196 2 10 0
-75 -9 3 2
211 -163 10 0
-301 -404 5 1
238 -301 11 0
41 415 13 0
471 -128 20 0
-446 389 5 2
-407 31 20 0
311 318 13 0
-357 -237 11 0
-269 -141 8 1
150 364 5 1
-224 259 14 0
448 311 4 2
383 -485 7 1
-168 90 4 2
-424 243 14 0
201 149 5 1
-481 359 3 2
249 425 10 1
-48 -84 4 2
-446 -283 17 0
-250 64 10 0
139 -322 8 1
-243 44 6 1
168 381 10 0
-386 -131 10 0
272 18 10 0
-494 -12 3 2
470 -350 12 0
-205 362 8 1
185 -173 4 2
478 -392 4 2
-229 -295 14 0
-404 452 10 0
292 200 4 2
-42 -190 16 0
352 -282 14 0
483 42 6 1
90 305 10 0
118 415 4 2
-359 -43 15 0
465 489 6 1
-321 176 11 0
384 -382 8 1
-90 -131 5 1
-298 161 16 0
245 287 6 1
139 -108 3 2
-206 204 12 0
182 406 6 1
-153 453 10 0
233 -106 3 2
-282 -273 5 1
-433 -382 13 0
473 474 10 0
203 52 19 0
248 264 5 1
-254 19 17 0
69 416 12 0
-180 10 4 2
-323 -24 3 2
-258 -275 6 1
-381 138 11 0
-126 336 15 0
-256 -8 3 2
56 488 5 1
278 49 7 1
-417 87 10 0
-179 463 13 0
-254 -305 10 0
-341 193 12 0
-488 -473 4 2
124 245 11 0
-486 342 6 1
-210 -84 4 2
422 -282 15 0
367 -246 4 2
-186 207 8 1
347 -358 5 2
-309 -26 8 1
340 136 16 0
313 340 5 1
112 -213 10 0
-395 -54 10 0
159 152 5 2
62 -463 7 1
238 -444 13 0
398 4 5 1
183 194 10 0
-467 -303 11 0
-411 198 7 1
125 -476 10 0
410 -4 6 1
61 -259 7 1
363 62 17 0
439 -350 10 0
-52 -301 13 0
104 167 13 0
216 295 3 2
-203 393 7 1
-155 -336 3 2
-162 404 11 0
-395 -406 4 2
-100 -257 16 0
87 -433 3 2
-330 97 14 0
256 -91 11 0
11 228 4 2
-147 88 5 1
-430 -205 7 1
456 122 6 1
395 -458 11 0
220 -275 10 0
-217 -104 12 0
188 356 10 0
-191 278 12 0
-22 -319 7 1
42 31 12 0
-478 -163 10 0
-267 -283 4 2
12 248 5 1
-462 272 11 0
72 368 3 2
351 338 9 1
-198 76 11 0
-385 479 14 0
437 83 11 0
-388 -426 10 0
-383 -344 5 1
-398 253 10 1
-394 -244 3 2
41 -470 5 1
328 -67 13 0
-360 -6 10 1
352 433 11 0
-493 -478 3 2
173 -280 12 0
-339 -185 11 0
-335 -71 7 1
362 -170 10 0
-81 126 14 0
-78 347 10 0
386 315 5 1
-63 -108 10 0
393 111 12 0
-92 -409 5 1
-202 -453 5 2
-255 -37 13 0
344 176 6 1
99 -1 12 0
-327 50 8 1
-276 -457 10 0
-257 -409 11 0
-469 311 4 2
-1 381 10 0
-432 -312 4 2
-230 -193 3 2
329 181 5 1
-144 -411 12 0
164 -485 7 1
-80 -240 10 0
151 -167 6 1
-43 312 10 0
1

