1
65
-244,-500
-230.457,-448.351
-206.306,-464.524
-224.415,-441.852
-193.154,-431.548
-238.917,-369.688
-230.141,-393.001
-187.92,-272.97
-173.753,-340.513
-242.668,-143.255
-273.105,-164.157
-146.443,-145.543
-245.801,-46.1858
-146.371,-145.335
-276.394,-158.986
-265.296,-88.8807
-276.016,-85.7317
-266.963,-83.9003
-276.06,-83.575
-266.922,-81.6885
-278.436,-76.2309
-276.01,-21.425
-228.484,-24.6866
-251.457,-122.374
-279.326,-156.555
-226.935,-51.3027
-311.586,57.181
-301.075,4.37119
-306.115,5.08744
-300.883,4.57062
-307.724,59.8915
-237.845,52.5365
-244.704,33.2329
-230.386,46.7049
-227.679,31.694
-247.706,54.2668
-252.633,35.945
-254.59,55.1156
-314.546,21.1573
-317.555,56.0119
-323.285,22.9483
-346.515,90.2371
-343.372,92.8534
-346.029,93.1005
-343.418,93.0069
-346.337,90.9485
-298.419,6.67823
-336.565,50.3887
-352.645,82.088
-297.37,7.36898
-321.8,56.9186
-337.154,51.2023
-328.718,63.3701
-377.647,66.7397
-410.501,104.601
-446.552,108.576
-418.009,96.9489
-408.055,103.6
-391.702,64.263
-441.159,81.8831
-440.982,72.5539
-444.515,80.3137
-443.863,71.6402
-452.322,81.5336
-2385.68,593.505
[mirrors]
1
0 0 0 0
[score]
Score = 5203

